"chain","CHROM","sig_SNP","sig_SNP_POS","sig_SNP_name","peak_start","peak_end","snps_in_chain","dist.focal.snp"
1,1,0.00283675108299628,1655941,"Os913",1555941,1755941,3,NA
2,1,0.0013357175164557,2124572,"Os1096",2024572,2224572,21,468631
3,1,3.8973435320527e-07,5562703,"Os2676",5462703,5662703,55,3438131
4,1,0.00196419637580327,19231093,"Os8997",19131093,19331093,4,13668390
5,1,0.00255010900558628,19947848,"Os9537",19847848,20047848,10,716755
6,1,0.00298223125479001,24101394,"Os11843",24001394,24201394,1,4153546
7,1,9.64878448150316e-05,32756382,"Os15507",32656382,32856382,107,8654988
8,1,0.000180903982098661,33067441,"Os15617",32967441,33167441,17,311059
9,1,0.000309339103597111,33969103,"Os15846",33869103,34069103,9,901662
10,2,0.00830140536756216,4784750,"Os23052",4684750,4884750,1,NA
11,2,0.000500550668470196,7827292,"Os24723",7727292,7927292,2,3042542
12,3,0.00437912578906096,27651957,"Os49696",27551957,27751957,1,NA
13,3,0.000120217715996591,29809748,"Os50262",29709748,29909748,1,2157791
14,3,0.00451744746454152,31916979,"Os51164",31816979,32016979,1,2107231
15,3,0.00290742900542921,34666065,"Os52380",34566065,34766065,3,2749086
16,3,0.000391097551855607,35177444,"Os52513",35077444,35277444,1,511379
17,3,0.00168673944136794,35320739,"Os52535",35220739,35420739,1,143295
18,4,0.00555179360906622,13232792,"Os64168",13132792,13332792,2,NA
19,4,0.000214709593207803,19599805,"Os66375",19499805,19699805,1,6367013
20,4,0.00290742900542921,24217339,"Os69859",24117339,24317339,3,4617534
21,4,0.00153831806894269,24444802,"Os70024",24344802,24544802,2,227463
22,4,0.00413186104113999,24545925,"Os70073",24445925,24645925,1,101123
23,4,0.000970040293552054,24985305,"Os70227",24885305,25085305,10,439380
24,4,0.00255034243139941,25215764,"Os70308",25115764,25315764,1,230459
25,4,0.000918331639122417,25388227,"Os70363",25288227,25488227,4,172463
26,4,0.00293147385181701,25761919,"Os70490",25661919,25861919,4,373692
27,4,0.00511451960917858,25971247,"Os70573",25871247,26071247,2,209328
28,4,0.000196362037982083,26122474,"Os70609",26022474,26222474,20,151227
29,4,0.00448835330765537,27566539,"Os70964",27466539,27666539,1,1444065
30,4,0.00104148505325961,27914898,"Os71066",27814898,28014898,3,348359
31,4,0.00280016652754696,28141408,"Os71147",28041408,28241408,7,226510
32,4,0.0032648671773162,28615220,"Os71380",28515220,28715220,2,473812
33,5,0.00531917270199419,697360,"Os76279",597360,797360,3,NA
34,5,0.00696343087746989,1582926,"Os76943",1482926,1682926,1,885566
35,6,0.00260183414354593,2010473,"Os88989",1910473,2110473,1,NA
36,6,0.00669507316921013,2818948,"Os89170",2718948,2918948,1,808475
37,6,0.00952144036888381,11201209,"Os93890",11101209,11301209,1,8382261
38,6,0.0050694542742201,11654613,"Os94036",11554613,11754613,3,453404
39,6,0.00343870222754821,12212094,"Os94231",12112094,12312094,1,557481
40,6,0.00438785961378425,31834800,"Os100406",31734800,31934800,2,19622706
41,7,0.00669507316921013,15933709,"Os105987",15833709,16033709,1,NA
42,7,0.000366488331862982,16694962,"Os106238",16594962,16794962,1,761253
43,7,0.000311204366244605,17293499,"Os106635",17193499,17393499,2,598537
44,7,0.000280757228253415,17651197,"Os106799",17551197,17751197,3,357698
45,7,0.00806061211242498,24216193,"Os110578",24116193,24316193,1,6564996
46,7,0.00483031123391101,25041594,"Os110808",24941594,25141594,2,825401
47,8,0.00614097859106208,576464,"Os112885",476464,676464,1,NA
48,8,0.00318568441772239,797209,"Os113159",697209,897209,2,220745
49,8,0.00396524884930037,27483285,"Os126207",27383285,27583285,1,26686076
50,10,0.0023480085147673,21901329,"Os146823",21801329,22001329,2,NA
51,10,0.00897308624126811,22328069,"Os146945",22228069,22428069,2,426740
52,11,0.00685061609675381,1793715,"Os147899",1693715,1893715,1,NA
53,11,0.00167541823625653,1898325,"Os147924",1798325,1998325,1,104610
54,11,0.000950639045976952,2062142,"Os147971",1962142,2162142,4,163817
55,11,0.00172605567240824,2276388,"Os148104",2176388,2376388,2,214246
56,11,0.00463421685391922,6929907,"Os151399",6829907,7029907,1,4653519
57,11,0.00782946609987347,25119628,"Os163131",25019628,25219628,1,18189721
58,11,0.00166332924856496,29216715,"Os167187",29116715,29316715,1,4097087
59,11,0.00722607237764731,30430993,"Os169181",30330993,30530993,1,1214278
60,11,0.00550246554993405,31431494,"Os170326",31331494,31531494,1,1000501
61,12,0.00322723579502853,19152260,"Os180890",19052260,19252260,1,NA
62,12,0.00331944654864151,26358519,"Os184242",26258519,26458519,1,7206259
